chr,start,end
19,0,4445000
19,4445000,5435000
19,5435000,6425000
19,6425000,7715000
19,7715000,8515000
19,8515000,9255000
19,9255000,9835000
19,9835000,11025000
19,11025000,12015000
19,12015000,12875000
19,12875000,13905000
19,13905000,15065000
19,15065000,15845000
19,15845000,16795000
19,16795000,17415000
19,17415000,18855000
19,18855000,20335000
19,20335000,21785000
19,21785000,22325000
19,22325000,22885000
19,22885000,24285000
19,24285000,24915000
19,24915000,25675000
19,25675000,26575000
19,26575000,27405000
19,27405000,28155000
19,28155000,28765000
19,28765000,29555000
19,29555000,30215000
19,30215000,31845000
19,31845000,32705000
19,32705000,33405000
19,33405000,34135000
19,34135000,34985000
19,34985000,36075000
19,36075000,36765000
19,36765000,37445000
19,37445000,38995000
19,38995000,40215000
19,40215000,41825000
19,41825000,42785000
19,42785000,43475000
19,43475000,45095000
19,45095000,46045000
19,46045000,47175000
19,47175000,47845000
19,47845000,49465000
19,49465000,50175000
19,50175000,51465000
19,51465000,52105000
19,52105000,52985000
19,52985000,53985000
19,53985000,55215000
19,55215000,56355000
19,56355000,57675000
19,57675000,58685000
19,58685000,59355000
19,59355000,Inf
